337765
205597
2346
274960
153065
161882
5716
40270
372
66589
123123
1115
284108
149951
174785
42
240271
96007
259081
193738
340325
31105
281259
21348
242639
171273
266507
22545
494
244513
4396
199383
66505
22877
3076
195539
122842
62219
299684
1345
72321
46396
144041
148729
230933
75165
365104
310873
193558
179460
216092
295895
284818
295293
185589
165872
206051
233961
72225
254386
286096
37380
38545
231696
160851
146439
41863
244271
285905
318983
4098
77423
193728
209010
127398
281549
27746
254708
191597
350205
157809
199792
154825
83330
1897
34635
129051
218804
311715
85325
295607
142992
297486
192074
183006
214396
142852
33160
298638
1353
45
198487
254591
35677
271055
244521
301880
9823
224517
38765
274364
214484
47185
294484
255692
811
17223
258444
254
198454
188547
229220
319910
310192
15512
248490
1499
350736
191977
27833
266164
98351
290359
75358
281655
70149
349067
246784
332321
323612
8051
251661
206084
330174
135382
351526
291572
12002
180040
33604
113636
102548
122522
29603
34219
172385
331106
318546
118048
244536
182631
326945
2808
100901
246192
171131
283317
183880
40765
63628
137408
13884
291845
9446
102435
85005
253608
58936
5206
189932
209778
245422
227515
111417
92319
194517
256382
306882
31497
325494
146312
229265
41002
105037
190082
224597
37628
36522
316554
192945
356123
245931
169654
37907
300531
14996
128671
38863
178336
3072
315610
195544
310448
270970
196526
311193
26566
16267
329839
9217
134352
72287
5404
551
230080
303672
136888
290236
257499
105
272533
67239
186751
97903
244228
159503
254713
347013
127997
137297
245654
344554
3228
113873
318472
193214
175549
204472
126792
163839
91312
306881
245476
298383
202426
155873
17405
188920
359438
2398
1032
221965
221194
113401
181810
248125
303551
156091
87890
2122
138649
244711
142379
300753
247236
98
165950
117915
21920
58421
25669
284777
242574
291457
317457
304051
167791
172081
168584
182134
268012
160010
224783
234
166226
302388
302524
278
365717
364011
286751
225167
19777
17133
332772
22
256226
197070
266966
272739
18833
354934
293296
168998
272453
171668
223855
127518
193037
41916
154246
158435
148228
2093
235488
260180
253499
205059
346703
204027
140620
244995
192457
155362
41010
241266
85256
307002
261594
334590
123260
257614
366161
521
71721
259374
350458
129622
265188
1540
318184
2651
335609
146021
184267
132372
232988
25613
150145
133848
192291
168681
179303
244918
332386
345584
262712
183562
241831
194626
236457
162886
247367
173346
166857
256952
165986
299960
216428
27162
154086
21441
338760
2955
293014
7805
986
71074
25643
204
176371
146418
183251
233867
293678
176544
218121
20542
40793
257527
9674
297978
258210
73
94362
150
12495
327711
171669
329873
287954
283355
40628
199561
232
172287
528
329082
182340
315767
146278
2653
143404
295770
54625
148319
310100
270673
54138
188
143986
282524
163068
318553
274638
233078
252446
363247
10
260605
276830
217398
46
203420
297030
194607
37046
351040
105551
195137
65781
221107
299121
302723
182189
21790
198773
340
8125
38823
126042
168917
150312
42215
156566
15511
370591
291508
298102
104162
50
35503
151007
169255
271319
37358
267813
90040
314491
208895
205359
218421
298047
206480
251678
169794
165948
268620
181796
325698
224710
253759
24181
159508
162082
230244
300010
253684
342857
318084
214887
200057
281194
310632
143741
350184
235014
244114
156009
7480
284189
2511
77130
15126
23540
269725
242653
138161
56931
286537
3
270633
38992
204583
193308
198994
128667
206940
73664
272380
124742
216459
228372
161614
121410
215841
8203
67877
246663
219101
37904
355093
221
57925
312251
30658
120677
285774
218333
130176
34194
153016
284083
54043
235555
234671
483
146652
6205
245934
55600
12493
1198
274841
145639
332290
27225
85897
229853
20100
24800
123540
283294
904
156714
229491
1107
586
259298
319966
18
701
177802
71836
336794
177524
54998
309110
2507
223215
175293
243759
1915
38718
280480
55427
191862
174078
128621
128721
53093
5072
169427
150658
65901
143405
283864
1231
15363
177678
270844
12902
79828
257501
165838
131111
69779
63759
227224
1634
9220
335764
96913
2065
21551
256606
233208
336382
10093
8098
3097
442
180199
171499
212402
230253
58281
346965
230267
309430
176734
254018
6830
119506
204516
217083
131646
256916
102652
159504
70
43443
306040
300322
8190
209418
203427
492
325022
367220
11170
316546
40834
197443
115
127024
43570
43015
30957
301716
2397
312318
264982
238546
104955
113294
40354
116954
268201
223040
368058
75449
875
200853
198740
277700
264055
301767
22825
6472
155624
34707
26
144733
353288
240855
255675
256320
302260
108745
156776
111341
1041
822
361
266083
19857
241590
16986
216091
339484
144592
292375
163412
125618
28181
169611
98918
163805
230085
143515
325635
184921
300877
244331
70919
104363
175914
2081
31627
179172
193949
9209
296912
299047
13642
1035
296237
228504
270109
6411
215312
337787
299252
156129
1301
341530
354570
223376
282954
91873
202408
238393
12942
205418
360265
29934
328326
62227
22484
309105
66510
325555
2163
37111
120
170042
144797
191051
308765
163370
121408
194594
150999
104020
215311
187700
362986
903
38159
316412
42487
92415
269511
262543
284584
201921
165722
305985
317311
158889
34119
136955
137988
324090
94
168609
116998
42910
12891
13780
300683
155068
350933
42052
205716
274124
276498
1465
175307
180511
124708
98229
334065
4636
15
264198
300583
188834
121
27588
271615
22038
119788
42776
79127
148203
199966
39463
149155
39953
312267
195571
175117
277659
214880
554
157354
369880
91
232918
66837
144239
361545
527
27976
233020
54
202077
140
139898
101721
12477
216632
233312
103
103092
254640
221769
321277
30645
194655
37387
340041
27364
71671
99975
220133
19999
106217
250881
104006
28259
172381
4099
313889
328866
25292
39856
60
192860
760
43022
183284
1568
272682
303553
438
182874
19622
243
179803
63888
38996
833
285533
222542
163602
150376
180974
196496
150997
134453
212445
170561
216734
18258
267609
3201
172931
318977
21133
196326
220308
112
24827
248005
82420
342070
332944
301255
83195
59946
284778
201808
172308
7854
9440
244522
82222
207243
144344
327
204184
155987
42452
219513
216132
855
336929
152470
1608
304285
170604
233678
143693
284435
147303
1403
349463
72125
197376
177639
218479
113997
198953
157001
128882
147949
155255
475
41114
118174
421
339906
287084
350316
322656
172818
68264
200680
178900
333255
826
216201
16496
247763
218074
174570
370913
196
253664
256589
123239
183231
143519
151347
3685
15985
177736
119890
179275
137269
129437
269144
256960
238992
255984
241451
158899
67492
293835
181521
121921
2987
1887
33154
232405
66188
36235
5782
283155
222509
279537
187273
66588
125548
228855
169786
318560
271324
213893
120217
30869
245638
28023
284936
227935
244115
88
196340
30380
232832
139976
173442
174837
203993
66362
161417
174430
134157
249590
256680
305096
155969
104347
275467
340466
258036
316624
92828
1261
205317
276025
326494
271869
285265
97207
175095
342942
338460
143884
929
878
50750
332686
342848
24703
107529
202583
245354
21882
124172
157969
158900
200511
19237
214029
230383
463
173090
91872
118695
204305
248861
206915
288169
122515
220367
141572
322622
91514
191189
299659
272427
205398
172386
218293
220
302425
231733
29223
308119
3307
348450
338834
45315
125153
236191
331820
191300
160018
110327
239188
298069
70512
145371
265402
124361
191231
22192
195043
304783
160499
179572
175223
244992
318009
245643
89409
170771
126163
246900
250458
491
285192
237179
38713
238799
299169
1382
13308
15987
217780
168
23094
154386
267378
73439
256997
161866
10640
206718
162286
233247
295905
269752
166384
316786
195856
161936
172047
266192
183394
18100
730
363307
109276
346501
90419
184824
296151
234477
503
241477
245961
131260
157026
219100
178054
233262
242684
108906
25821
2393
176229
146910
295564
36932
168435
204135
157403
339789
18098
274450
9216
27173
203416
152162
350636
184424
222514
15364
253618
176396
338628
24480
187645
258779
1662
217372
20551
129948
22141
15817
24068
170624
217861
35497
151771
233398
270239
29937
103185
14254
281474
242722
267319
299317
245655
136063
265736
132028
298371
163642
36218
205125
163166
293141
141517
98527
6249
238638
332800
287938
53953
200147
187617
164928
118
39683
359609
252752
8129
352697
176165
43528
271601
148949
170216
136991
359152
284121
242302
210274
41933
95103
185343
227789
481
24310
305682
279254
116
91984
261114
3284
251412
47055
291453
151004
295947
133038
234277
135779
6351
182028
55670
262211
129736
156689
21241
252153
22827
212516
65532
18602
226522
123955
284760
3800
266830
226501
26457
220520
12333
219215
206931
146816
273477
253214
331401
156336
249277
126100
43868
14105
284653
163968
36648
294702
295785
223740
302098
224821
30381
217085
343905
205896
256730
246684
254127
204505
239472
160610
232361
13122
233571
195560
119591
73761
269595
142961
233371
252526
31730
244049
366013
15062
176558
328479
5737
59294
88827
155821
209685
202670
24508
155703
52461
31481
7717
16395
135219
200954
260428
210296
266121
264241
84
201825
314040
35435
55690
295486
160495
131014
42673
228328
322289
127060
38386
3931
264052
9441
231581
93260
335212
145189
240196
94104
230802
284378
262941
12750
291962
284742
128780
157917
153938
357563
251247
158600
191876
34084
329716
230303
272738
38054
300442
25021
295374
16747
230889
173
108784
300905
9625
1117
163967
192135
280794
46213
220517
63268
241724
122294
283948
246761
283863
142079
322708
119
163474
124
252929
180020
249381
31594
298065
215
224
323156
339958
31999
203417
117985
2181
195162
183840
159473
204836
194880
121297
132531
342562
232595
110277
146791
300300
324856
8045
9203
281466
351913
175324
13004
269968
158275
270314
198525
134726
266810
40692
201
181304
1219
364073
140934
131287
306481
35570
1
17392
277085
25568
235802
205610
246200
3955
552
37836
157
63543
2338
338957
345972
175640
66
199042
141423
242705
111799
25554
269207
249259
180593
244654
17226
12761
218509
359970
151022
25417
363369
147151
242
342810
2453
156943
353470
59959
423
147253
312484
329551
823
166571
136280
210232
55697
356414
298229
225244
270971
300217
282414
145659
317985
9609
22348
172996
252328
50768
256999
275044
276894
17396
84876
314503
6901
62222
160477
329465
38343
291859
33451
176494
244191
41
130960
63170
328908
206941
173101
28143
249746
316377
223770
398
251658
10547
218530
199478
294514
142326
344258
347137
82421
225694
55829
301257
226520
56692
144529
5
240980
125678
11971
102680
91536
300001
21550
183571
21050
176083
232219
478
121288
111124
257732
267271
132018
17710
234669
231218
300327
95527
12962
172
37919
1822
49
356033
97786
304420
260300
176189
192836
161533
39339
172220
237182
125752
117959
328565
374173
28089
297985
34297
24417
273330
139030
358504
180852
106
43111
113924
167355
94246
230
295262
280453
152
21523
20437
29368
144189
3565
73369
39938
227456
2842
97842
61692
257518
207572
526
619
182694
1513
131366
269385
275913
171726
128996
174660
154458
317434
170416
207691
281526
20963
104710
40209
303057
146508
60435
19100
177478
131325
109125
164265
223321
301919
187377
137649
107255
256570
149776
162009
902
193042
98778
274637
51
207830
105134
197405
8989
146221
234487
218417
205046
171879
27708
167513
16992
36553
555
353545
155695
13823
226518
224037
148951
39351
255674
171
169416
282853
184151
712
138431
229892
164153
195421
180263
68425
269210
253344
379078
65244
147020
280136
84419
217449
192458
181279
311988
163154
145588
268864
227460
354
91080
200077
171233
148575
330038
336986
57390
169124
362944
268586
133473
177590
26997
2251
113289
95064
173064
1159
314088
594
271896
239942
165401
223931
30549
321608
281946
122298
82168
169426
362452
215840
167270
195528
326933
167400
11
45986
12995
231484
72991
159675
171662
154809
242804
195314
143175
240
103886
624
123499
283393
192153
276182
267127
266967
269603
283619
915
191894
123570
112138
228341
156546
166669
699
157526
180680
175199
175155
273703
216600
34887
243430
21763
30618
264647
66356
24773
367498
17329
57660
306735
1544
215341
223953
176920
66056
228660
313010
115746
38453
171011
100423
54137
48726
264220
326934
208024
290484
138233
181345
328871
939
205637
198928
318182
31563
256788
70323
218603
127023
164949
380607
41066
139771
237
288513
157413
162007
221318
226320
296345
39684
156858
18745
93
199
257769
263918
140603
232414
297562
10630
297129
160902
266524
277927
285984
164338
294612
331050
24742
163745
134253
251551
159109
341169
188866
103343
61487
232043
194879
245487
252399
253284
279613
206803
202977
592
13
101785
96848
131357
432
331787
140933
235375
2655
239464
69789
181819
171623
155426
154203
35815
330608
244916
157096
254192
198830
329845
143185
220792
19600
32125
248158
276042
65564
262215
281442
196202
194690
343562
27627
68448
161970
8217
271088
71
73171
35052
103885
211716
12
32412
1829
11825
90137
207336
394
31260
271518
293889
4390
307305
180592
128271
285967
119432
22345
345868
146886
47
102794
181530
316858
230305
38862
223750
28720
44163
340677
240567
128442
681
215842
15818
120523
174973
213266
244608
271529
180899
148943
106662
248065
123607
220877
181524
181687
347703
309630
26990
163413
